0.592872 0.673608
1.964905 1.866407
-2.235047 -2.159174
1.054122 0.930250
0.435819 0.363528
-1.157435 -1.256669
-0.332401 -0.293777
0.520805 0.534483
3.687840 3.606122
2.799296 2.820939
-1.181743 -1.299031
3.197780 3.083628
0.911257 0.795401
-0.023736 -0.012838
0.837952 0.809401
-0.134634 -0.038800
-0.007092 -0.014200
1.673136 1.546865
1.560475 1.559780
1.493282 1.530757
0.686668 0.682287
-1.101327 -1.051653
0.904041 0.743220
1.744000 1.724113
0.491274 0.556318
1.067129 1.193550
0.789128 0.832592
-0.270311 -0.183045
0.346466 0.424687
-0.649440 -0.637652
0.978504 0.905160
-1.101275 -0.964403
-1.038395 -0.903707
-0.701830 -0.610272
-2.928649 -2.855749
1.459711 1.630760
0.326117 0.480173
-0.591468 -0.581189
1.387186 1.450255
-1.659542 -1.551503
-0.015960 0.079887
-0.205078 -0.188686
0.348315 0.346420
0.486717 0.428800
-0.754908 -0.835889
0.140555 0.094360
-0.094689 -0.062229
0.708069 0.642901
1.141249 1.117929
1.146055 1.157264
0.621121 -0.527736
2.014428 -1.644928
-2.160674 2.356697
0.929717 -0.682163
0.392615 -0.296525
-1.151638 1.385636
-0.385254 0.514374
0.361915 -0.316230
3.766807 -3.387170
2.884479 -2.757481
-1.302931 1.420519
3.199162 -3.031843
0.734009 -0.691606
0.066768 0.209399
0.844292 -0.624558
-0.095564 0.264230
0.024794 0.161935
1.627053 -1.452995
1.482731 -1.283911
1.573238 -1.400967
0.857374 -0.516355
-1.110129 1.294659
0.806595 -0.655969
1.731937 -1.528081
0.652419 -0.329927
1.163557 -0.958971
0.889201 -0.620320
-0.233296 0.491241
0.469060 -0.183840
-0.662788 0.904692
0.929944 -0.828146
-1.052885 1.193168
-0.900009 1.107823
-0.764314 0.843640
-2.898751 3.031424
1.500601 -1.253704
0.411232 -0.288227
-0.573952 0.950878
1.458073 -1.348075
-1.659903 1.793260
0.016737 0.154685
-0.120878 0.383690
0.363556 -0.295723
0.372194 -0.249103
-0.780047 0.966452
-0.012948 0.082548
-0.004676 0.170723
0.813478 -0.481641
1.190987 -0.977561
1.156730 -1.017504
5.512938 0.000000
0.996142 0.000000
0.825220 0.000000
-1.501409 0.000000
0.608658 0.000000
1.398140 0.000000
1.980261 0.000000
-0.417327 0.000000
-0.008265 0.000000
6.772171 0.000000
-6.073963 0.000000
7.389436 0.000000
1.713790 0.000000
3.701281 0.000000
-4.291395 0.000000
-1.069005 0.000000
-0.133094 0.000000
1.969246 0.000000
-4.309503 0.000000
2.116002 0.000000
-2.937443 0.000000
0.899669 0.000000
2.658166 0.000000
1.682279 0.000000
3.948999 0.000000
3.719330 0.000000
-1.251624 0.000000
1.472267 0.000000
-2.132035 0.000000
-3.264267 0.000000
3.475577 0.000000
0.701248 0.000000
0.536342 0.000000
3.434481 0.000000
2.484850 0.000000
1.751702 0.000000
4.451852 0.000000
3.490467 0.000000
1.420389 0.000000
-1.369985 0.000000
-1.253562 0.000000
4.277404 0.000000
-4.134392 0.000000
0.627713 0.000000
-5.145443 0.000000
3.762593 0.000000
3.286248 0.000000
0.704585 0.000000
0.488587 0.000000
-6.757753 0.000000
2.444616 0.000000
-5.876206 0.000000
-6.256742 0.000000
0.940900 0.000000
-2.144344 0.000000
1.935571 0.000000
2.732032 0.000000
3.274296 0.000000
-1.372379 0.000000
2.049232 0.000000
1.002999 0.000000
3.179309 0.000000
2.309570 0.000000
3.394764 0.000000
0.305285 0.000000
0.259494 0.000000
3.724419 0.000000
-5.669868 0.000000
-0.812660 0.000000
-3.110685 0.000000
-0.446656 0.000000
2.647137 0.000000
3.178280 0.000000
-2.343732 0.000000
-0.712111 0.000000
1.112173 0.000000
-0.174491 0.000000
1.606554 0.000000
1.900892 0.000000
-2.088786 0.000000
0.170608 0.000000
-5.695185 0.000000
4.137184 0.000000
-1.186174 0.000000
-2.910451 0.000000
-0.060735 0.000000
-3.584842 0.000000
0.638526 0.000000
-0.980896 0.000000
7.234435 0.000000
4.116495 0.000000
-6.789561 0.000000
2.025080 0.000000
-3.493315 0.000000
-0.064067 0.000000
1.194311 0.000000
2.944301 0.000000
-0.118042 0.000000
5.429999 0.000000
-0.741713 0.000000